kind	sabk::vc::Gfx
kind	sabk::vc::TileInfo
member	INDEX_FLOWER_GLOW
member	INDEX_CHECKPOINT_CURRENT
member	INDEX_CLEAR
member	INDEX_WATER
member	INDEX_INFO
member	INDEX_INFO_TOUCHED
member	INDEX_TELEPORT_GLOW
member	INDEX_INFO2
member	INDEX_INFO2_TOUCHED
member	myAnimTarget
member	wang
0
1	0	13	1	7	2	0	3	172	4	34	5	35	6	17	7	84	8	85
1
1	9	0	10	0
2	9	1	10	0
3	9	2	10	0
4	9	3	10	0
5	9	4	10	0
6	9	5	10	0
7	9	6	10	0
8	9	7	10	0
9	9	8	10	0
10	9	9	10	0
11	9	10	10	0
12	9	11	10	0
13	9	12	10	0
14	9	13	10	0
15	9	14	10	0
16	9	15	10	0
17	9	16	10	0
18	9	17	10	0
19	9	18	10	0
20	9	19	10	0
21	9	20	10	0
22	9	21	10	0
23	9	22	10	0
24	9	23	10	0
25	9	24	10	0
26	9	25	10	0
27	9	26	10	0
28	9	27	10	0
29	9	28	10	0
30	9	29	10	0
31	9	30	10	0
32	9	31	10	0
33	9	32	10	0
34	9	33	10	0
35	9	34	10	0
36	9	35	10	0
37	9	36	10	0
38	9	37	10	0
39	9	38	10	0
40	9	39	10	0
41	9	40	10	0
42	9	41	10	0
43	9	42	10	0
44	9	43	10	0
45	9	44	10	0
46	9	45	10	0
47	9	46	10	0
48	9	47	10	0
49	9	48	10	0
50	9	49	10	0
51	9	50	10	0
52	9	51	10	0
53	9	52	10	0
54	9	53	10	0
55	9	54	10	0
56	9	55	10	0
57	9	56	10	0
58	9	57	10	0
59	9	58	10	0
60	9	59	10	0
61	9	60	10	0
62	9	62	10	0
63	9	63	10	0
64	9	64	10	0
65	9	85	10	0
66	9	65	10	0
67	9	66	10	0
68	9	67	10	0
69	9	68	10	0
70	9	69	10	0
71	9	70	10	0
72	9	71	10	0
73	9	72	10	0
74	9	73	10	0
75	9	74	10	0
76	9	75	10	0
77	9	76	10	0
78	9	77	10	0
79	9	78	10	0
80	9	79	10	0
81	9	80	10	0
82	9	81	10	0
83	9	82	10	0
84	9	83	10	0
85	9	84	10	0
86	9	86	10	0
87	9	87	10	0
88	9	88	10	0
89	9	109	10	0
90	9	89	10	0
91	9	90	10	0
92	9	91	10	0
93	9	92	10	0
94	9	93	10	0
95	9	94	10	0
96	9	95	10	0
97	9	96	10	0
98	9	97	10	0
99	9	98	10	0
100	9	99	10	0
101	9	100	10	0
102	9	101	10	0
103	9	102	10	0
104	9	103	10	0
105	9	104	10	0
106	9	105	10	0
107	9	106	10	0
108	9	107	10	0
109	9	108	10	0
110	9	110	10	0
111	9	111	10	0
112	9	112	10	0
113	9	133	10	0
114	9	113	10	0
115	9	114	10	0
116	9	115	10	0
117	9	116	10	0
118	9	117	10	0
119	9	118	10	0
120	9	119	10	0
121	9	120	10	0
122	9	121	10	0
123	9	122	10	0
124	9	123	10	0
125	9	124	10	0
126	9	125	10	0
127	9	126	10	0
128	9	127	10	0
129	9	128	10	0
130	9	129	10	0
131	9	130	10	0
132	9	131	10	0
133	9	132	10	0
134	9	134	10	0
135	9	135	10	0
136	9	136	10	0
137	9	61	10	0
138	9	137	10	0
139	9	138	10	0
140	9	139	10	0
141	9	140	10	0
142	9	141	10	0
143	9	142	10	0
144	9	143	10	0
145	9	144	10	0
146	9	145	10	0
147	9	146	10	0
148	9	147	10	0
149	9	148	10	0
150	9	149	10	0
151	9	150	10	0
152	9	151	10	0
153	9	152	10	0
154	9	153	10	0
155	9	154	10	0
156	9	155	10	0
157	9	156	10	0
158	9	157	10	0
159	9	158	10	0
160	9	159	10	0
161	9	160	10	0
162	9	161	10	0
163	9	162	10	0
164	9	163	10	0
165	9	164	10	0
166	9	165	10	0
167	9	166	10	0
168	9	167	10	0
169	9	168	10	0
170	9	169	10	0
171	9	170	10	0
172	9	171	10	0
173	9	172	10	0
174	9	173	10	0
175	9	174	10	0
176	9	175	10	0
177	9	176	10	0
178	9	177	10	0
179	9	178	10	0
180	9	179	10	0
181	9	180	10	0
182	9	181	10	0
183	9	182	10	0
184	9	183	10	0
185	9	184	10	0
186	9	185	10	0
187	9	186	10	0
188	9	187	10	0
189	9	188	10	0
190	9	189	10	0
191	9	190	10	0
192	9	191	10	0
193	9	192	10	0
194	9	193	10	0
195	9	194	10	0
196	9	195	10	0
197	9	196	10	0
198	9	197	10	0
199	9	198	10	0
200	9	199	10	0
201	9	200	10	0
202	9	201	10	0
203	9	202	10	0
204	9	203	10	0
205	9	204	10	0
206	9	205	10	0
207	9	206	10	0
208	9	207	10	0
209	9	208	10	0
210	9	209	10	0
211	9	210	10	0
212	9	211	10	0
213	9	212	10	0
214	9	213	10	0
215	9	214	10	0
216	9	215	10	0
217	9	216	10	1
218	9	217	10	0
219	9	218	10	0
220	9	219	10	0
221	9	220	10	0
222	9	221	10	1
223	9	222	10	0
224	9	223	10	0
225	9	224	10	0
226	9	225	10	0
227	9	226	10	1
228	9	227	10	0
229	9	228	10	0
230	9	229	10	0
231	9	230	10	0
232	9	231	10	0
233	9	232	10	0
234	9	233	10	0
235	9	234	10	1
236	9	235	10	0
237	9	236	10	0
238	9	237	10	0
239	9	238	10	0
240	9	239	10	0
241	9	240	10	0
242	9	241	10	0
243	9	242	10	0
244	9	243	10	0
245	9	244	10	0
246	9	245	10	0
247	9	246	10	0
248	9	247	10	0
249	9	248	10	0
250	9	249	10	0
251	9	250	10	0
252	9	251	10	0
253	9	252	10	0
254	9	253	10	0
255	9	254	10	0
256	9	255	10	0
257	9	256	10	0
258	9	257	10	0
259	9	258	10	0
260	9	259	10	0
261	9	260	10	0
262	9	261	10	0
263	9	262	10	0
264	9	263	10	0
265	9	264	10	0
266	9	265	10	0
267	9	266	10	0
268	9	267	10	0
269	9	268	10	0
270	9	269	10	0
271	9	270	10	0
272	9	271	10	0
273	9	272	10	0
274	9	273	10	0
275	9	274	10	0
276	9	275	10	0
277	9	276	10	0
278	9	277	10	0
279	9	278	10	0
280	9	279	10	0
281	9	280	10	0
282	9	281	10	0
283	9	282	10	0
284	9	283	10	0
285	9	284	10	0
286	9	285	10	0
287	9	286	10	0
288	9	287	10	0
289	9	288	10	0
290	9	289	10	0
291	9	290	10	0
292	9	291	10	0
293	9	292	10	0
294	9	293	10	0
295	9	294	10	0
296	9	295	10	0
297	9	296	10	0
298	9	297	10	0
299	9	298	10	0
300	9	299	10	0
301	9	300	10	0
302	9	301	10	0
303	9	302	10	0
304	9	303	10	0
305	9	304	10	0
306	9	305	10	0
307	9	306	10	0
308	9	307	10	0
309	9	308	10	0
310	9	309	10	0
311	9	310	10	0
312	9	311	10	0
313	9	312	10	0
314	9	313	10	0
315	9	314	10	0
316	9	315	10	0
317	9	316	10	0
318	9	317	10	0
319	9	318	10	0
320	9	319	10	0
321	9	320	10	0
322	9	321	10	0
323	9	322	10	0
324	9	323	10	0
325	9	324	10	0
326	9	325	10	0
327	9	326	10	0
328	9	327	10	0
329	9	328	10	0
330	9	329	10	0
331	9	330	10	0
332	9	331	10	0
333	9	332	10	0
334	9	333	10	0
335	9	334	10	0
336	9	335	10	0
337	9	336	10	0
338	9	337	10	0
339	9	338	10	0
340	9	339	10	0
341	9	340	10	0
342	9	341	10	0
343	9	342	10	0
344	9	343	10	0
345	9	344	10	0
346	9	345	10	0
347	9	346	10	0
348	9	347	10	0
349	9	348	10	0
350	9	349	10	0
351	9	350	10	0
352	9	351	10	0
353	9	352	10	0
354	9	353	10	0
355	9	354	10	0
356	9	355	10	0
357	9	356	10	0
358	9	357	10	0
359	9	358	10	0
360	9	359	10	0
361	9	360	10	0
362	9	361	10	0
363	9	362	10	0
364	9	363	10	0
365	9	364	10	0
366	9	365	10	0
367	9	366	10	0
368	9	367	10	0
369	9	368	10	0
370	9	369	10	0
371	9	370	10	0
372	9	371	10	0
373	9	372	10	0
374	9	373	10	0
375	9	374	10	0
376	9	375	10	0
377	9	376	10	0
378	9	377	10	0
379	9	378	10	0
380	9	379	10	0
381	9	380	10	0
382	9	381	10	0
383	9	382	10	0
384	9	383	10	0
385	9	384	10	0
386	9	385	10	0
387	9	386	10	0
388	9	387	10	0
389	9	388	10	0
390	9	389	10	0
391	9	390	10	0
392	9	391	10	0
393	9	392	10	0
394	9	393	10	0
395	9	394	10	0
396	9	395	10	0
397	9	396	10	0
398	9	397	10	0
399	9	398	10	0
400	9	399	10	0
401	9	400	10	0
402	9	401	10	0
403	9	402	10	0
404	9	403	10	0
405	9	404	10	0
406	9	405	10	0
407	9	406	10	0
408	9	407	10	0
409	9	408	10	0
410	9	409	10	0
411	9	410	10	0
412	9	411	10	0
413	9	412	10	0
414	9	413	10	0
415	9	414	10	0
416	9	415	10	0
417	9	416	10	0
418	9	417	10	0
419	9	418	10	0
420	9	419	10	0
421	9	420	10	0
422	9	421	10	0
423	9	422	10	0
424	9	423	10	0
425	9	424	10	0
426	9	425	10	0
427	9	426	10	0
428	9	427	10	0
429	9	428	10	0
430	9	429	10	0
431	9	430	10	0
432	9	431	10	0
433	9	432	10	1
434	9	433	10	0
435	9	434	10	0
436	9	435	10	0
437	9	436	10	0
438	9	437	10	1
439	9	438	10	0
440	9	439	10	0
441	9	440	10	0
442	9	441	10	0
443	9	442	10	1
444	9	443	10	0
445	9	444	10	0
446	9	445	10	0
447	9	446	10	0
448	9	447	10	0
449	9	448	10	0
450	9	449	10	0
451	9	450	10	0
452	9	451	10	0
453	9	452	10	0
454	9	453	10	0
455	9	454	10	0
456	9	455	10	0
457	9	456	10	0
458	9	457	10	0
459	9	458	10	0
460	9	459	10	0
461	9	460	10	0
462	9	461	10	0
463	9	462	10	0
464	9	463	10	0
465	9	464	10	0
466	9	465	10	0
467	9	466	10	0
468	9	467	10	0
469	9	468	10	2
470	9	469	10	0
471	9	470	10	0
472	9	471	10	0
473	9	472	10	0
474	9	473	10	0
475	9	474	10	0
476	9	475	10	0
477	9	476	10	0
478	9	477	10	0
479	9	478	10	0
480	9	479	10	0
481	9	480	10	0
482	9	481	10	0
483	9	482	10	0
484	9	483	10	0
485	9	484	10	0
486	9	485	10	0
487	9	486	10	0
488	9	487	10	0
489	9	488	10	0
490	9	489	10	0
491	9	490	10	0
492	9	491	10	0
493	9	492	10	0
494	9	493	10	0
495	9	494	10	0
496	9	495	10	0
497	9	496	10	0
498	9	497	10	0
499	9	498	10	0
500	9	499	10	0
501	9	500	10	0
502	9	501	10	0
503	9	502	10	0
504	9	503	10	0
505	9	504	10	0
506	9	505	10	0
507	9	506	10	0
508	9	507	10	0
509	9	508	10	0
510	9	509	10	0
511	9	510	10	0
512	9	511	10	0
513	9	512	10	0
514	9	513	10	0
515	9	514	10	0
516	9	515	10	0
517	9	516	10	0
518	9	517	10	0
519	9	518	10	0
520	9	519	10	0
521	9	520	10	0
522	9	521	10	0
523	9	522	10	0
524	9	523	10	0
525	9	524	10	0
526	9	525	10	0
527	9	526	10	0
528	9	527	10	0
529	9	528	10	0
530	9	529	10	0
531	9	530	10	0
532	9	531	10	0
533	9	532	10	0
534	9	533	10	0
535	9	534	10	0
536	9	535	10	0
537	9	536	10	0
538	9	537	10	0
539	9	538	10	0
540	9	539	10	0
541	9	540	10	0
542	9	541	10	0
543	9	542	10	0
544	9	543	10	0
545	9	544	10	0
546	9	545	10	0
547	9	546	10	0
548	9	547	10	0
549	9	548	10	0
550	9	549	10	0
551	9	550	10	0
552	9	551	10	0
553	9	552	10	0
554	9	553	10	0
555	9	554	10	0
556	9	555	10	0
557	9	556	10	0
558	9	557	10	0
559	9	558	10	0
560	9	559	10	0
561	9	560	10	0
562	9	561	10	0
563	9	562	10	0
564	9	563	10	0
565	9	564	10	0
566	9	565	10	0
567	9	566	10	0
568	9	567	10	0
569	9	568	10	0
570	9	569	10	0
571	9	570	10	0
572	9	571	10	0
573	9	572	10	0
574	9	573	10	0
575	9	574	10	0
576	9	575	10	0
577	9	576	10	0
578	9	577	10	0
579	9	578	10	0
580	9	579	10	0
581	9	580	10	0
582	9	581	10	0
583	9	582	10	0
584	9	583	10	0
585	9	584	10	0
586	9	585	10	0
587	9	586	10	0
588	9	587	10	0
589	9	588	10	0
590	9	589	10	0
591	9	590	10	0
592	9	591	10	0
593	9	592	10	0
594	9	593	10	0
595	9	594	10	0
596	9	595	10	0
597	9	596	10	0
598	9	597	10	0
599	9	598	10	0
600	9	599	10	0
601	9	600	10	0
602	9	601	10	0
603	9	602	10	0
604	9	603	10	0
605	9	604	10	0
606	9	605	10	0
607	9	606	10	0
608	9	607	10	0
609	9	608	10	0
610	9	609	10	0
611	9	610	10	0
612	9	611	10	0
613	9	612	10	0
614	9	613	10	0
615	9	614	10	0
616	9	615	10	0
617	9	616	10	0
618	9	617	10	0
619	9	618	10	0
620	9	619	10	0
621	9	620	10	0
622	9	621	10	0
623	9	622	10	0
624	9	623	10	0
625	9	624	10	0
626	9	625	10	0
627	9	626	10	0
628	9	627	10	0
629	9	628	10	0
630	9	629	10	0
631	9	630	10	0
632	9	631	10	0
633	9	632	10	0
634	9	633	10	0
635	9	634	10	0
636	9	635	10	0
637	9	636	10	0
638	9	637	10	0
639	9	638	10	0
640	9	639	10	0
641	9	640	10	0
642	9	641	10	0
643	9	642	10	0
644	9	643	10	0
645	9	644	10	0
646	9	645	10	0
647	9	646	10	0
648	9	647	10	0
649	9	648	10	0
650	9	649	10	0
651	9	650	10	0
652	9	651	10	0
653	9	652	10	0
654	9	653	10	0
655	9	654	10	0
656	9	655	10	0
657	9	656	10	0
658	9	657	10	0
659	9	658	10	0
660	9	659	10	0
661	9	660	10	0
662	9	661	10	0
663	9	662	10	0
664	9	663	10	0
665	9	664	10	0
666	9	665	10	0
667	9	666	10	0
668	9	667	10	0
669	9	668	10	0
670	9	669	10	0
671	9	670	10	0
672	9	671	10	0
673	9	674	10	0
674	9	675	10	0
675	9	676	10	0
676	9	677	10	0
677	9	672	10	0
678	9	673	10	0
679	9	678	10	0
680	9	679	10	0
681	9	680	10	0
682	9	681	10	0
683	9	682	10	0
684	9	683	10	0
685	9	684	10	0
686	9	685	10	0
687	9	686	10	0
688	9	687	10	0
689	9	688	10	2
690	9	689	10	0
691	9	690	10	0
692	9	691	10	0
693	9	692	10	0
694	9	693	10	0
695	9	694	10	0
696	9	695	10	0
697	9	696	10	0
698	9	697	10	0
699	9	698	10	0
700	9	699	10	0
701	9	700	10	0
702	9	701	10	0
703	9	702	10	0
704	9	703	10	0
705	9	704	10	0
706	9	705	10	0
707	9	706	10	0
708	9	707	10	0
709	9	708	10	1
710	9	709	10	0
711	9	710	10	0
712	9	711	10	0
713	9	712	10	0
714	9	713	10	0
715	9	714	10	0
716	9	715	10	0
717	9	716	10	0
718	9	717	10	0
719	9	718	10	0
720	9	719	10	0
721	9	720	10	0
722	9	721	10	0
723	9	722	10	0
724	9	723	10	0
725	9	768	10	0
726	9	769	10	0
727	9	816	10	0
728	9	817	10	0
729	9	864	10	0
730	9	865	10	0
731	9	730	10	0
732	9	731	10	0
733	9	732	10	0
734	9	733	10	0
735	9	734	10	0
736	9	735	10	0
737	9	736	10	0
738	9	737	10	0
739	9	738	10	0
740	9	739	10	0
741	9	740	10	0
742	9	741	10	0
743	9	742	10	0
744	9	743	10	0
745	9	744	10	0
746	9	745	10	0
747	9	746	10	0
748	9	747	10	0
749	9	792	10	0
750	9	793	10	0
751	9	840	10	0
752	9	841	10	0
753	9	888	10	0
754	9	889	10	0
755	9	754	10	0
756	9	755	10	0
757	9	756	10	0
758	9	757	10	0
759	9	758	10	0
760	9	759	10	0
761	9	760	10	0
762	9	761	10	0
763	9	762	10	0
764	9	763	10	0
765	9	764	10	0
766	9	765	10	0
767	9	766	10	0
768	9	767	10	0
769	9	770	10	0
770	9	771	10	0
771	9	772	10	0
772	9	773	10	0
773	9	774	10	0
774	9	775	10	0
775	9	776	10	0
776	9	777	10	0
777	9	778	10	0
778	9	779	10	0
779	9	780	10	0
780	9	781	10	0
781	9	782	10	0
782	9	783	10	0
783	9	784	10	0
784	9	785	10	0
785	9	786	10	0
786	9	787	10	0
787	9	788	10	0
788	9	789	10	0
789	9	790	10	0
790	9	791	10	0
791	9	724	10	0
792	9	725	10	0
793	9	794	10	0
794	9	795	10	0
795	9	796	10	0
796	9	797	10	0
797	9	798	10	0
798	9	799	10	0
799	9	800	10	0
800	9	801	10	0
801	9	802	10	0
802	9	803	10	0
803	9	804	10	0
804	9	805	10	0
805	9	806	10	0
806	9	807	10	0
807	9	808	10	0
808	9	809	10	0
809	9	810	10	0
810	9	811	10	0
811	9	812	10	0
812	9	813	10	0
813	9	814	10	0
814	9	815	10	0
815	9	748	10	0
816	9	749	10	0
817	9	818	10	0
818	9	819	10	0
819	9	820	10	0
820	9	821	10	0
821	9	822	10	0
822	9	823	10	0
823	9	824	10	0
824	9	825	10	0
825	9	826	10	0
826	9	827	10	0
827	9	828	10	0
828	9	829	10	0
829	9	830	10	0
830	9	831	10	0
831	9	832	10	0
832	9	833	10	0
833	9	834	10	0
834	9	835	10	0
835	9	836	10	0
836	9	837	10	0
837	9	838	10	0
838	9	839	10	0
839	9	726	10	0
840	9	727	10	0
841	9	842	10	0
842	9	843	10	0
843	9	844	10	0
844	9	845	10	0
845	9	846	10	0
846	9	847	10	0
847	9	848	10	0
848	9	849	10	0
849	9	850	10	0
850	9	851	10	0
851	9	852	10	0
852	9	853	10	0
853	9	854	10	0
854	9	855	10	0
855	9	856	10	0
856	9	857	10	0
857	9	858	10	0
858	9	859	10	0
859	9	860	10	0
860	9	861	10	0
861	9	862	10	0
862	9	863	10	0
863	9	750	10	0
864	9	751	10	0
865	9	866	10	0
866	9	867	10	0
867	9	868	10	0
868	9	869	10	0
869	9	870	10	0
870	9	871	10	0
871	9	872	10	0
872	9	873	10	0
873	9	874	10	0
874	9	875	10	0
875	9	876	10	0
876	9	877	10	0
877	9	878	10	0
878	9	879	10	0
879	9	880	10	0
880	9	881	10	0
881	9	882	10	0
882	9	883	10	0
883	9	884	10	0
884	9	885	10	0
885	9	886	10	0
886	9	887	10	0
887	9	728	10	0
888	9	729	10	0
889	9	890	10	0
890	9	891	10	0
891	9	892	10	0
892	9	893	10	0
893	9	894	10	0
894	9	895	10	0
895	9	896	10	0
896	9	897	10	0
897	9	898	10	0
898	9	899	10	0
899	9	900	10	0
900	9	901	10	0
901	9	902	10	0
902	9	903	10	0
903	9	904	10	0
904	9	905	10	0
905	9	906	10	0
906	9	907	10	0
907	9	908	10	0
908	9	909	10	0
909	9	910	10	0
910	9	911	10	0
911	9	752	10	0
912	9	753	10	0
913	9	912	10	0
914	9	913	10	0
915	9	914	10	0
916	9	915	10	0
917	9	916	10	0
918	9	917	10	0
919	9	918	10	0
920	9	919	10	0
921	9	920	10	0
922	9	921	10	0
923	9	922	10	0
924	9	923	10	0
925	9	924	10	0
926	9	925	10	0
927	9	926	10	0
928	9	927	10	0
929	9	928	10	0
930	9	929	10	0
931	9	930	10	0
932	9	931	10	0
933	9	932	10	0
934	9	933	10	0
935	9	934	10	0
936	9	935	10	0
937	9	936	10	0
938	9	937	10	0
939	9	938	10	0
940	9	939	10	0
941	9	940	10	0
942	9	941	10	0
943	9	942	10	0
944	9	943	10	0
945	9	944	10	0
946	9	945	10	0
947	9	946	10	0
948	9	947	10	0
949	9	948	10	0
950	9	949	10	0
951	9	950	10	0
952	9	951	10	0
953	9	952	10	0
954	9	953	10	0
955	9	954	10	1
956	9	955	10	0
957	9	956	10	0
958	9	957	10	0
959	9	958	10	0
960	9	959	10	0
961	9	960	10	0
962	9	961	10	0
963	9	962	10	0
964	9	963	10	0
965	9	964	10	0
966	9	965	10	0
967	9	966	10	0
968	9	967	10	0
969	9	968	10	0
970	9	969	10	0
971	9	970	10	0
972	9	971	10	0
973	9	972	10	0
974	9	973	10	0
975	9	974	10	0
976	9	975	10	0
977	9	976	10	0
978	9	977	10	0
979	9	978	10	0
980	9	979	10	0
981	9	980	10	0
982	9	981	10	0
983	9	982	10	0
984	9	983	10	0
985	9	986	10	0
986	9	987	10	0
987	9	988	10	0
988	9	989	10	0
989	9	990	10	0
990	9	991	10	0
991	9	992	10	0
992	9	993	10	0
993	9	994	10	0
994	9	995	10	0
995	9	996	10	0
996	9	997	10	0
997	9	998	10	0
998	9	999	10	0
999	9	1000	10	0
1000	9	1001	10	0
1001	9	1002	10	0
1002	9	1003	10	0
1003	9	1004	10	0
1004	9	1005	10	0
1005	9	1006	10	0
1006	9	1007	10	0
1007	9	984	10	0
1008	9	985	10	0
1009	9	1008	10	0
1010	9	1009	10	0
1011	9	1010	10	0
1012	9	1011	10	0
1013	9	1012	10	0
1014	9	1013	10	0
1015	9	1014	10	0
1016	9	1015	10	0
1017	9	1016	10	0
1018	9	1017	10	0
1019	9	1018	10	0
1020	9	1019	10	0
1021	9	1020	10	0
1022	9	1021	10	0
1023	9	1022	10	0
1024	9	1023	10	0
1025	9	1024	10	0
1026	9	1025	10	0
1027	9	1026	10	0
1028	9	1027	10	0
1029	9	1028	10	0
1030	9	1029	10	0
1031	9	1030	10	0
1032	9	1031	10	0
1033	9	1032	10	0
1034	9	1033	10	0
1035	9	1034	10	0
1036	9	1035	10	0
1037	9	1036	10	0
1038	9	1037	10	0
1039	9	1038	10	0
1040	9	1039	10	0
1041	9	1040	10	0
1042	9	1041	10	0
1043	9	1042	10	0
1044	9	1043	10	0
1045	9	1044	10	0
1046	9	1045	10	0
1047	9	1046	10	0
1048	9	1047	10	0
1049	9	1048	10	0
1050	9	1049	10	0
1051	9	1050	10	0
1052	9	1051	10	0
1053	9	1052	10	1
1054	9	1053	10	0
1055	9	1054	10	0
1056	9	1055	10	0
1057	9	1056	10	0
1058	9	1057	10	0
1059	9	1058	10	1
1060	9	1059	10	0
1061	9	1060	10	0
1062	9	1061	10	0
1063	9	1062	10	1
1064	9	1063	10	0
1065	9	1064	10	0
1066	9	1065	10	0
1067	9	1066	10	1
1068	9	1067	10	0
1069	9	1068	10	0
1070	9	1069	10	0
1071	9	1070	10	1
1072	9	1071	10	0
1073	9	1072	10	0
1074	9	1073	10	0
1075	9	1074	10	0
1076	9	1075	10	0
1077	9	1076	10	0
1078	9	1077	10	0
1079	9	1078	10	0
1080	9	1079	10	0
1081	9	1080	10	0
1082	9	1081	10	0
1083	9	1082	10	0
1084	9	1083	10	0
1085	9	1084	10	0
1086	9	1085	10	0
1087	9	1086	10	0
1088	9	1087	10	0
1089	9	1088	10	0
1090	9	1089	10	0
1091	9	1090	10	0
1092	9	1091	10	0
1093	9	1092	10	0
1094	9	1093	10	0
1095	9	1094	10	0
1096	9	1095	10	0
1097	9	1096	10	0
1098	9	1097	10	0
1099	9	1098	10	0
1100	9	1099	10	0
1101	9	1100	10	0
1102	9	1101	10	0
1103	9	1102	10	0
1104	9	1103	10	0
1105	9	1104	10	0
1106	9	1105	10	0
1107	9	1106	10	0
1108	9	1107	10	0
1109	9	1108	10	0
1110	9	1109	10	0
1111	9	1110	10	0
1112	9	1111	10	0
1113	9	1112	10	0
1114	9	1113	10	0
1115	9	1114	10	0
1116	9	1115	10	0
1117	9	1116	10	0
1118	9	1117	10	0
1119	9	1118	10	0
1120	9	1119	10	0
1121	9	1120	10	0
1122	9	1121	10	0
1123	9	1122	10	0
1124	9	1123	10	0
1125	9	1124	10	0
1126	9	1125	10	0
1127	9	1126	10	0
1128	9	1127	10	0
1129	9	1128	10	0
1130	9	1129	10	0
1131	9	1130	10	0
1132	9	1131	10	0
1133	9	1132	10	0
1134	9	1133	10	0
1135	9	1134	10	0
1136	9	1135	10	0
1137	9	1136	10	0
1138	9	1137	10	0
1139	9	1138	10	0
1140	9	1139	10	0
1141	9	1140	10	0
1142	9	1141	10	0
1143	9	1142	10	0
1144	9	1143	10	0
1145	9	1144	10	0
1146	9	1145	10	0
1147	9	1146	10	0
1148	9	1147	10	0
1149	9	1148	10	0
1150	9	1149	10	0
1151	9	1150	10	0
1152	9	1151	10	0
1153	9	1152	10	0
1154	9	1153	10	0
1155	9	1154	10	0
1156	9	1155	10	0
1157	9	1156	10	0
1158	9	1157	10	0
1159	9	1158	10	1
1160	9	1159	10	0
1161	9	1160	10	0
1162	9	1161	10	0
1163	9	1162	10	1
1164	9	1163	10	0
1165	9	1164	10	0
1166	9	1165	10	0
1167	9	1166	10	1
1168	9	1167	10	0
1169	9	1168	10	0
1170	9	1169	10	0
1171	9	1170	10	0
1172	9	1171	10	1
1173	9	1172	10	0
1174	9	1173	10	0
1175	9	1174	10	0
1176	9	1175	10	0
1177	9	1176	10	0
1178	9	1177	10	0
1179	9	1178	10	0
1180	9	1179	10	0
1181	9	1180	10	0
1182	9	1181	10	0
1183	9	1182	10	0
1184	9	1183	10	0
1185	9	1184	10	0
1186	9	1185	10	0
1187	9	1186	10	0
1188	9	1187	10	0
1189	9	1188	10	0
1190	9	1189	10	0
1191	9	1190	10	0
1192	9	1191	10	0
1193	9	1192	10	0
1194	9	1193	10	0
1195	9	1194	10	0
1196	9	1195	10	0
1197	9	1196	10	0
1198	9	1197	10	0
1199	9	1198	10	0
1200	9	1199	10	0
1201	9	1200	10	0
1202	9	1201	10	0
1203	9	1202	10	0
1204	9	1203	10	0
1205	9	1204	10	0
1206	9	1205	10	0
1207	9	1206	10	0
1208	9	1207	10	0
1209	9	1208	10	0
1210	9	1209	10	0
1211	9	1210	10	0
1212	9	1211	10	0
1213	9	1212	10	0
1214	9	1213	10	0
1215	9	1214	10	0
1216	9	1215	10	0
1217	9	1216	10	0
1218	9	1217	10	0
1219	9	1218	10	0
1220	9	1219	10	0
1221	9	1220	10	0
1222	9	1221	10	0
1223	9	1222	10	0
1224	9	1223	10	0
1225	9	1224	10	0
1226	9	1225	10	0
1227	9	1226	10	0
1228	9	1227	10	0
1229	9	1228	10	0
1230	9	1229	10	0
1231	9	1230	10	0
1232	9	1231	10	0
1233	9	1232	10	0
1234	9	1233	10	0
1235	9	1234	10	0
1236	9	1235	10	0
1237	9	1236	10	0
1238	9	1237	10	0
1239	9	1238	10	0
1240	9	1239	10	0
1241	9	1240	10	0
1242	9	1241	10	0
1243	9	1242	10	0
1244	9	1243	10	0
1245	9	1244	10	0
1246	9	1245	10	0
1247	9	1246	10	0
1248	9	1247	10	0
1249	9	1248	10	0
1250	9	1249	10	0
1251	9	1250	10	0
1252	9	1251	10	0
1253	9	1252	10	0
1254	9	1253	10	0
1255	9	1254	10	1
1256	9	1255	10	0
1257	9	1256	10	0
1258	9	1257	10	0
1259	9	1258	10	1
1260	9	1259	10	0
1261	9	1260	10	0
1262	9	1261	10	0
1263	9	1262	10	1
1264	9	1263	10	0
1265	9	1264	10	0
1266	9	1265	10	0
1267	9	1266	10	1
1268	9	1267	10	0
1269	9	1268	10	0
1270	9	1269	10	0
1271	9	1270	10	0
1272	9	1271	10	0
1273	9	1272	10	0
1274	9	1273	10	0
1275	9	1274	10	0
1276	9	1275	10	0
1277	9	1276	10	0
1278	9	1277	10	0
1279	9	1278	10	0
1280	9	1279	10	0
1281	9	1280	10	0
1282	9	1281	10	0
1283	9	1282	10	0
1284	9	1283	10	0
1285	9	1284	10	0
1286	9	1285	10	0
1287	9	1286	10	0
1288	9	1287	10	0
1289	9	1288	10	0
1290	9	1289	10	0
1291	9	1290	10	0
1292	9	1291	10	0
1293	9	1292	10	0
1294	9	1293	10	0
1295	9	1294	10	0
1296	9	1295	10	0
1297	9	1296	10	0
1298	9	1297	10	0
1299	9	1298	10	0
1300	9	1299	10	0
1301	9	1300	10	0
1302	9	1301	10	0
1303	9	1302	10	0
1304	9	1303	10	0
1305	9	1304	10	0
1306	9	1305	10	0
1307	9	1306	10	0
1308	9	1307	10	0
1309	9	1308	10	0
1310	9	1309	10	0
1311	9	1310	10	0
1312	9	1311	10	0
1313	9	1312	10	0
1314	9	1313	10	0
1315	9	1314	10	0
1316	9	1315	10	0
1317	9	1316	10	0
1318	9	1317	10	0
1319	9	1318	10	0
1320	9	1319	10	0
1321	9	1320	10	0
1322	9	1321	10	0
1323	9	1322	10	0
1324	9	1323	10	0
1325	9	1324	10	0
1326	9	1325	10	0
1327	9	1326	10	0
1328	9	1327	10	0
1329	9	1328	10	0
1330	9	1329	10	0
1331	9	1330	10	0
1332	9	1331	10	0
1333	9	1332	10	0
1334	9	1333	10	0
1335	9	1334	10	0
1336	9	1335	10	0
1337	9	1336	10	0
1338	9	1337	10	0
1339	9	1338	10	0
1340	9	1339	10	0
1341	9	1340	10	0
1342	9	1341	10	0
1343	9	1342	10	0
1344	9	1343	10	0
1345	9	1344	10	0
1346	9	1345	10	0
1347	9	1346	10	0
1348	9	1347	10	0
1349	9	1348	10	0
1350	9	1349	10	0
1351	9	1350	10	0
1352	9	1351	10	0
1353	9	1352	10	0
1354	9	1353	10	0
1355	9	1354	10	0
1356	9	1355	10	0
1357	9	1356	10	0
1358	9	1357	10	0
1359	9	1358	10	0
1360	9	1359	10	0
1361	9	1360	10	0
1362	9	1361	10	0
1363	9	1362	10	0
1364	9	1363	10	0
1365	9	1364	10	0
1366	9	1365	10	0
1367	9	1366	10	0
1368	9	1367	10	0
1369	9	1368	10	0
1370	9	1369	10	0
1371	9	1370	10	0
1372	9	1371	10	0
1373	9	1372	10	0
1374	9	1373	10	0
1375	9	1374	10	0
1376	9	1375	10	0
1377	9	1376	10	0
1378	9	1377	10	0
1379	9	1378	10	0
1380	9	1379	10	0
1381	9	1380	10	0
1382	9	1381	10	0
1383	9	1382	10	0
1384	9	1383	10	0
1385	9	1384	10	0
1386	9	1385	10	0
1387	9	1386	10	0
1388	9	1387	10	0
1389	9	1388	10	0
1390	9	1389	10	0
1391	9	1390	10	0
1392	9	1391	10	0
1393	9	1392	10	0
1394	9	1393	10	0
1395	9	1394	10	0
1396	9	1395	10	0
1397	9	1396	10	0
1398	9	1397	10	0
1399	9	1398	10	0
1400	9	1399	10	0
1401	9	1400	10	0
1402	9	1401	10	0
1403	9	1402	10	0
1404	9	1403	10	0
1405	9	1404	10	0
1406	9	1405	10	0
1407	9	1406	10	0
1408	9	1407	10	0
1409	9	1408	10	0
1410	9	1409	10	0
1411	9	1410	10	0
1412	9	1411	10	0
1413	9	1412	10	0
1414	9	1413	10	0
1415	9	1414	10	0
1416	9	1415	10	0
1417	9	1416	10	0
1418	9	1417	10	0
1419	9	1418	10	0
1420	9	1419	10	0
1421	9	1420	10	0
1422	9	1421	10	0
1423	9	1422	10	0
1424	9	1423	10	0
1425	9	1424	10	0
1426	9	1425	10	0
1427	9	1426	10	0
1428	9	1427	10	0
1429	9	1428	10	0
1430	9	1429	10	0
1431	9	1430	10	0
1432	9	1431	10	0
1433	9	1432	10	0
1434	9	1433	10	0
1435	9	1434	10	0
1436	9	1435	10	0
1437	9	1436	10	0
1438	9	1437	10	0
1439	9	1438	10	0
1440	9	1439	10	0
1441	9	1440	10	0
1442	9	1441	10	0
1443	9	1442	10	0
1444	9	1443	10	0
1445	9	1444	10	0
1446	9	1445	10	0
1447	9	1446	10	0
1448	9	1447	10	0
1449	9	1448	10	0
1450	9	1449	10	0
1451	9	1450	10	0
1452	9	1451	10	0
1453	9	1452	10	0
1454	9	1453	10	0
1455	9	1454	10	0
1456	9	1455	10	0
1457	9	1456	10	0
1458	9	1457	10	0
1459	9	1458	10	0
1460	9	1459	10	0
1461	9	1460	10	0
1462	9	1461	10	0
1463	9	1462	10	0
1464	9	1463	10	0
1465	9	1464	10	0
1466	9	1465	10	0
1467	9	1466	10	0
1468	9	1467	10	0
1469	9	1468	10	0
1470	9	1469	10	0
1471	9	1470	10	0
1472	9	1471	10	0
1473	9	1472	10	0
1474	9	1473	10	0
1475	9	1474	10	0
1476	9	1475	10	0
1477	9	1476	10	0
1478	9	1477	10	0
1479	9	1478	10	0
1480	9	1479	10	0
1481	9	1480	10	0
1482	9	1481	10	0
1483	9	1482	10	0
1484	9	1483	10	0
1485	9	1484	10	0
1486	9	1485	10	0
1487	9	1486	10	0
1488	9	1487	10	0
1489	9	1488	10	0
1490	9	1489	10	0
1491	9	1490	10	0
1492	9	1491	10	0
1493	9	1492	10	0
1494	9	1493	10	0
1495	9	1494	10	0
1496	9	1495	10	0
1497	9	1496	10	0
1498	9	1497	10	0
1499	9	1498	10	0
1500	9	1499	10	0
1501	9	1500	10	0
1502	9	1501	10	0
1503	9	1502	10	0
1504	9	1503	10	0
1505	9	1504	10	0
1506	9	1505	10	0
1507	9	1506	10	0
1508	9	1507	10	0
1509	9	1508	10	0
1510	9	1509	10	0
1511	9	1510	10	0
1512	9	1511	10	0
1513	9	1512	10	0
1514	9	1513	10	0
1515	9	1514	10	0
1516	9	1515	10	0
1517	9	1516	10	0
1518	9	1517	10	0
1519	9	1518	10	0
1520	9	1519	10	0
1521	9	1520	10	0
1522	9	1521	10	0
1523	9	1522	10	0
1524	9	1523	10	0
1525	9	1524	10	1
1526	9	1525	10	0
1527	9	1526	10	0
1528	9	1527	10	0
1529	9	1528	10	0
1530	9	1529	10	0
1531	9	1530	10	0
1532	9	1531	10	0
1533	9	1532	10	0
1534	9	1533	10	0
1535	9	1534	10	0
1536	9	1535	10	0
1537	9	1536	10	0
1538	9	1537	10	0
1539	9	1538	10	0
1540	9	1539	10	0
1541	9	1540	10	0
1542	9	1541	10	0
1543	9	1542	10	0
1544	9	1543	10	0
1545	9	1544	10	0
1546	9	1545	10	0
1547	9	1546	10	0
1548	9	1547	10	0
1549	9	1548	10	0
1550	9	1549	10	0
1551	9	1550	10	0
1552	9	1551	10	0
1553	9	1552	10	0
1554	9	1553	10	0
1555	9	1554	10	0
1556	9	1555	10	0
1557	9	1556	10	0
1558	9	1557	10	0
1559	9	1558	10	0
1560	9	1559	10	0
